200513
769064
156637
459453
773257
122317
289555
154532
121618
654350
139839
185038
118730
270332
100307
105115
204016
127933
929464
123420
720337
256540
917558
734045
680452
173536
194645
656253
767464
857263
731140
141422
155231
108222
896778
143830
192843
127832
803240
293748
422632
809252
118124
236130
849971
833148
518746
788674
843151
213522
209935
133827
415837
178849
800941
172433
133019
181131
559457
480141
516742
187850
180735
645450
656657
419239
150019
385450
112112
316633
110613
147737
911849
379657
368551
165032
341834
160931
208226
353740
158540
186545
361941
107422
545345
122418
171532
144428
195647
647858
227432
104820
802844
510225
151526
134425
991267
198451
562446
497865
201818
765056
529953
500222
151425
189349
350330
192237
571144
102109
994273
580751
529549
519647
567961
211922
300719
654754
146836
687163
604537
129028
481042
677968
163331
978578
627852
159946
180836
553344
748662
153227
275645
131924
199150
735148
130013
135225
872562
162329
715647
139637
169545
164939
300618
749058
683256
469961
149539
138837
298051
492754
453542
168341
220721
193239
198047
179346
812746
126628
461743
495255
485757
917255
250427
183741
217429
933253
191942
173940
122822
145127
121719
154835
130316
148840
314225
119833
727654
465852
245333
566454
299154
361234
965367
268850
149236
987074
154734
250932
123925
845458
445543
519950
113215
704238
376247
144933
972566
255639
153732
993675
391748
114419
248339
930449
193441
144125
124422
202113
195849
871964
100206
156435
106824
147030
